[Main]
iShowTextStatus=0
iShowPercents=1
iShowBar=0
iShowIcon=1
fFoodBarX=28.350000
fFoodBarY=573.500000
fFoodBarScaleX=0.400000
fFoodBarScaleY=0.400000
fDrinkBarX=82.300003
fDrinkBarY=574.150024
fDrinkBarScaleX=0.400000
fDrinkBarScaleY=0.400000
fSleepBarX=135.550003
fSleepBarY=574.500000
fSleepBarScaleX=0.400000
fSleepBarScaleY=0.400000
iColored=1
